[gd_scene load_steps=5 format=2]

[ext_resource path="res://shaders/flexible_toon_shader/example/CupMaterialHatch.tres" type="Material" id=1]
[ext_resource path="res://shaders/flexible_toon_shader/example/CupMaterial.tres" type="Material" id=2]
[ext_resource path="res://shaders/flexible_toon_shader/example/cup.obj" type="ArrayMesh" id=3]

[sub_resource type="Environment" id=1]
background_mode = 1
background_color = Color( 1, 0.992157, 0.529412, 1 )
background_energy = 0.0
ambient_light_color = Color( 1, 0.992157, 0.529412, 1 )
ambient_light_energy = 0.15
ambient_light_sky_contribution = 0.0

[node name="ExampleScene" type="Spatial"]

[node name="DirectionalLight" type="DirectionalLight" parent="."]
transform = Transform( 0.187827, 0.744752, 0.640364, -0.813829, 0.483027, -0.32306, -0.549912, -0.460467, 0.696826, -7.06934, -0.0905771, 0 )
shadow_enabled = true
directional_shadow_mode = 0
__meta__ = {
"_editor_description_": ""
}

[node name="WorldEnvironment" type="WorldEnvironment" parent="."]
environment = SubResource( 1 )

[node name="CupToon" type="MeshInstance" parent="."]
transform = Transform( 0.414137, 0, -0.910214, 0, 1, 0, 0.910215, 0, 0.414137, 0, -1, -1.5 )
mesh = ExtResource( 3 )
material/0 = ExtResource( 2 )

[node name="CupHatch" type="MeshInstance" parent="."]
transform = Transform( 0.414137, 0, -0.910214, 0, 1, 0, 0.910215, 0, 0.414137, 0, -1, 1.5 )
mesh = ExtResource( 3 )
material/0 = ExtResource( 1 )
